<?xml version="1.0" encoding="utf-8"?>
<COLLADA xmlns="http://www.collada.org/2005/11/COLLADASchema" version="1.4.1">
  <asset><contributor><author>Mixamo</author><authoring_tool>COLLADA Mixamo exporter</authoring_tool><comments></comments></contributor><created>2021-04-26T03:55:56Z</created><modified>2021-04-26T03:55:56Z</modified><revision></revision><title></title><unit meter="0.010000"/><up_axis>Y_UP</up_axis></asset>
  <library_animations>
    <animation id="mixamorig_Hips-anim" name="mixamorig_Hips"><source id="mixamorig_Hips-Matrix-animation-input"><float_array id="mixamorig_Hips-Matrix-animation-input-array" count="67">

0.000000 0.033333 0.066667 0.100000 0.133333 0.166667 0.200000 0.233333 0.266667 0.300000 0.333333 0.366667 0.400000 0.433333 0.466667 0.500000
0.533333 0.566667 0.600000 0.633333 0.666667 0.700000 0.733333 0.766667 0.800000 0.833333 0.866667 0.900000 0.933333 0.966667 1.000000 1.033333
1.066667 1.100000 1.133333 1.166667 1.200000 1.233333 1.266667 1.300000 1.333333 1.366667 1.400000 1.433333 1.466667 1.500000 1.533333 1.566667
1.600000 1.633333 1.666667 1.700000 1.733333 1.766667 1.800000 1.833333 1.866667 1.900000 1.933333 1.966667 2.000000 2.033333 2.066667 2.100000
2.133333 2.166667 2.200000</float_array><technique_common><accessor source="#mixamorig_Hips-Matrix-animation-input-array" count="67"><param name="TIME" type="float"/></accessor></technique_common></source><source id="mixamorig_Hips-Matrix-animation-output-transform"><float_array id="mixamorig_Hips-Matrix-animation-output-transform-array" count="1072">

0.583449 -0.117996 -0.803533 -0.262237 -0.019626 0.987052 -0.159196 84.443352 0.811913 0.108653 0.573578 0.343223 0.000000 0.000000 0.000000 1.000000
0.533326 -0.105039 -0.839363 0.287335 -0.022754 0.990120 -0.138363 84.443893 0.845604 0.092891 0.525667 0.042986 0.000000 0.000000 0.000000 1.000000
0.529098 -0.104778 -0.842067 0.900465 -0.004801 0.991962 -0.126446 84.377823 0.848547 0.070945 0.524342 -0.039534 0.000000 0.000000 0.000000 1.000000
0.528195 -0.102368 -0.842930 1.358053 0.016949 0.993780 -0.110068 84.239906 0.848954 0.043851 0.526644 0.309806 0.000000 0.000000 0.000000 1.000000
0.543299 -0.088667 -0.834844 1.550863 0.040536 0.996018 -0.079405 84.031433 0.838560 0.009300 0.544730 1.013927 0.000000 0.000000 0.000000 1.000000
0.586519 -0.055691 -0.808018 1.318905 0.063181 0.997739 -0.022905 83.741692 0.807467 -0.037617 0.588712 1.941598 0.000000 0.000000 0.000000 1.000000
0.663288 -0.004240 -0.748353 0.193148 0.078273 0.994892 0.063739 83.334007 0.744260 -0.100853 0.660232 2.748537 0.000000 0.000000 0.000000 1.000000
0.759413 0.055194 -0.648263 -1.468704 0.079136 0.981161 0.176242 82.750801 0.645778 -0.185141 0.740739 3.140129 0.000000 0.000000 0.000000 1.000000
0.849769 0.095791 -0.518378 -2.128305 0.067601 0.955431 0.287371 81.940460 0.522802 -0.279242 0.805420 2.801729 0.000000 0.000000 0.000000 1.000000
0.924563 0.105665 -0.366084 -2.431811 0.047851 0.920973 0.386677 80.878120 0.378011 -0.375025 0.846442 2.120951 0.000000 0.000000 0.000000 1.000000
0.980291 0.071397 -0.184206 -2.631660 0.021458 0.888417 0.458535 79.573586 0.196390 -0.453451 0.869375 0.792159 0.000000 0.000000 0.000000 1.000000
0.999064 0.036935 -0.022499 -2.726507 -0.020935 0.868239 0.495704 77.992264 0.037843 -0.494769 0.868200 -1.548609 0.000000 0.000000 0.000000 1.000000
0.988694 0.004804 0.149870 -3.037096 -0.084115 0.845185 0.527813 75.317909 -0.124132 -0.534452 0.836034 -4.813520 0.000000 0.000000 0.000000 1.000000
0.952358 -0.028619 0.303635 -4.158986 -0.152195 0.818163 0.554478 70.983521 -0.264292 -0.574274 0.774829 -8.894304 0.000000 0.000000 0.000000 1.000000
0.907979 -0.066398 0.413721 -6.103880 -0.201271 0.796887 0.569615 65.335953 -0.367510 -0.600469 0.710192 -13.706738 0.000000 0.000000 0.000000 1.000000
0.858891 -0.098951 0.502509 -8.531437 -0.246882 0.779650 0.575496 59.176994 -0.448727 -0.618349 0.645205 -18.721420 0.000000 0.000000 0.000000 1.000000
0.818594 -0.115794 0.562579 -10.944957 -0.289414 0.762884 0.578142 52.001205 -0.496128 -0.636082 0.590980 -23.313400 0.000000 0.000000 0.000000 1.000000
0.797640 -0.127078 0.589595 -12.991147 -0.319387 0.740245 0.591633 43.815067 -0.511628 -0.660219 0.549861 -27.486666 0.000000 0.000000 0.000000 1.000000
0.781570 -0.141423 0.607576 -14.629622 -0.346477 0.711511 0.611315 35.358650 -0.518751 -0.688296 0.507095 -31.211246 0.000000 0.000000 0.000000 1.000000
0.767035 -0.156004 0.622351 -15.919839 -0.385195 0.663761 0.641129 26.773628 -0.513111 -0.731495 0.449036 -33.860901 0.000000 0.000000 0.000000 1.000000
0.718313 -0.179323 0.672212 -17.042627 -0.480651 0.570639 0.665842 20.606457 -0.502991 -0.801383 0.323706 -36.348125 0.000000 0.000000 0.000000 1.000000
0.724883 -0.260385 0.637765 -17.715645 -0.517808 0.404648 0.753747 19.673466 -0.454335 -0.876618 0.158493 -38.938366 0.000000 0.000000 0.000000 1.000000
0.767329 -0.303719 0.564767 -17.610994 -0.507866 0.249879 0.824398 18.559303 -0.391509 -0.919410 0.037491 -41.164509 0.000000 0.000000 0.000000 1.000000
0.736228 -0.270740 0.620216 -17.069830 -0.601686 0.157602 0.783029 17.965370 -0.309745 -0.949664 -0.046869 -43.703945 0.000000 0.000000 0.000000 1.000000
0.724412 -0.297435 0.621900 -17.182722 -0.627557 0.088832 0.773486 17.874428 -0.285307 -0.950600 -0.122307 -45.505943 0.000000 0.000000 0.000000 1.000000
0.725086 -0.382071 0.572951 -17.705400 -0.637523 -0.057800 0.768260 17.901871 -0.260413 -0.922324 -0.285489 -46.666176 0.000000 0.000000 0.000000 1.000000
0.733480 -0.414323 0.538836 -17.638927 -0.657042 -0.229161 0.718179 18.187225 -0.174078 -0.880808 -0.440312 -48.301086 0.000000 0.000000 0.000000 1.000000
0.733844 -0.447350 0.511225 -17.348808 -0.662451 -0.304601 0.684380 18.991909 -0.150438 -0.840890 -0.519878 -50.423290 0.000000 0.000000 0.000000 1.000000
0.748055 -0.470636 0.467885 -16.771088 -0.643267 -0.340881 0.685571 21.417784 -0.163161 -0.813819 -0.557742 -52.553669 0.000000 0.000000 0.000000 1.000000
0.769135 -0.470646 0.432347 -15.914463 -0.621924 -0.395481 0.675873 24.163887 -0.147112 -0.788725 -0.596885 -54.650822 0.000000 0.000000 0.000000 1.000000
0.783952 -0.464677 0.411696 -15.249077 -0.609179 -0.447954 0.654399 26.226753 -0.119664 -0.763814 -0.634246 -56.738815 0.000000 0.000000 0.000000 1.000000
0.782246 -0.461154 0.418842 -14.777590 -0.616016 -0.472416 0.630355 27.458736 -0.092823 -0.751106 -0.653624 -58.393349 0.000000 0.000000 0.000000 1.000000
0.781116 -0.463079 0.418826 -14.502998 -0.620045 -0.496341 0.607609 28.105909 -0.073491 -0.734304 -0.674830 -59.891598 0.000000 0.000000 0.000000 1.000000
0.793140 -0.457565 0.401949 -14.422711 -0.604992 -0.515960 0.606440 28.629406 -0.070096 -0.724168 -0.686052 -61.287712 0.000000 0.000000 0.000000 1.000000
0.810001 -0.450929 0.374915 -14.403415 -0.580624 -0.526944 0.620649 29.337517 -0.082310 -0.720411 -0.688646 -62.564827 0.000000 0.000000 0.000000 1.000000
0.820465 -0.445780 0.357934 -14.436943 -0.562059 -0.514498 0.647597 29.516500 -0.104529 -0.732511 -0.672682 -63.652248 0.000000 0.000000 0.000000 1.000000
0.828495 -0.444398 0.340744 -14.309771 -0.542451 -0.485752 0.685413 29.161213 -0.139079 -0.752699 -0.643508 -64.639168 0.000000 0.000000 0.000000 1.000000
0.836844 -0.441140 0.324171 -14.219215 -0.518582 -0.449073 0.727603 28.243965 -0.175399 -0.777000 -0.604571 -65.376884 0.000000 0.000000 0.000000 1.000000
0.850827 -0.430058 0.301899 -14.089640 -0.482804 -0.413129 0.772156 26.798357 -0.207348 -0.802729 -0.559135 -65.722900 0.000000 0.000000 0.000000 1.000000
0.859920 -0.420482 0.289365 -13.901002 -0.454170 -0.371582 0.809726 24.650370 -0.232953 -0.827721 -0.510501 -65.503082 0.000000 0.000000 0.000000 1.000000
0.863683 -0.413640 0.288017 -13.641592 -0.426733 -0.295982 0.854572 21.898796 -0.268238 -0.860986 -0.432148 -65.216103 0.000000 0.000000 0.000000 1.000000
0.862047 -0.411362 0.296069 -13.371026 -0.400102 -0.193752 0.895756 18.609430 -0.311116 -0.890641 -0.331610 -64.568779 0.000000 0.000000 0.000000 1.000000
0.863035 -0.407233 0.298885 -13.304688 -0.358678 -0.077387 0.930248 15.385954 -0.355697 -0.910040 -0.212854 -63.797966 0.000000 0.000000 0.000000 1.000000
0.895400 -0.383561 0.226143 -13.941195 -0.254800 -0.024875 0.966674 14.979715 -0.365153 -0.923181 -0.120004 -62.794479 0.000000 0.000000 0.000000 1.000000
0.911842 -0.344293 0.223620 -14.572848 -0.236998 0.003320 0.971504 15.170310 -0.335225 -0.938856 -0.078569 -61.664154 0.000000 0.000000 0.000000 1.000000
0.907454 -0.366055 0.206231 -14.938167 -0.217931 0.009565 0.975917 15.219374 -0.359212 -0.930544 -0.071095 -60.481667 0.000000 0.000000 0.000000 1.000000
0.906879 -0.396385 0.143000 -15.722670 -0.150756 0.011700 0.988502 15.183931 -0.393501 -0.918010 -0.049147 -59.482800 0.000000 0.000000 0.000000 1.000000
0.911518 -0.404915 0.071965 -16.496946 -0.071168 0.017042 0.997319 15.286337 -0.405056 -0.914195 -0.013283 -58.387840 0.000000 0.000000 0.000000 1.000000
0.903505 -0.422603 0.071308 -17.113722 -0.052854 0.055240 0.997073 15.686030 -0.425305 -0.904630 0.027574 -57.302910 0.000000 0.000000 0.000000 1.000000
0.901038 -0.427458 0.073556 -17.479580 -0.055490 0.054588 0.996966 15.971964 -0.430176 -0.902386 0.025466 -57.062336 0.000000 0.000000 0.000000 1.000000
0.901005 -0.427742 0.072301 -17.570795 -0.058360 0.045634 0.997252 15.958321 -0.429866 -0.902748 0.016153 -57.291893 0.000000 0.000000 0.000000 1.000000
0.900672 -0.429330 0.066832 -17.592972 -0.055524 0.038827 0.997702 15.842031 -0.430938 -0.902313 0.011133 -57.847374 0.000000 0.000000 0.000000 1.000000
0.900271 -0.429819 0.069046 -17.518888 -0.061119 0.032240 0.997610 15.519203 -0.431017 -0.902339 0.002754 -58.362663 0.000000 0.000000 0.000000 1.000000
0.899687 -0.429185 0.079772 -17.383558 -0.074616 0.028859 0.996795 15.163770 -0.430111 -0.902756 -0.006059 -58.794937 0.000000 0.000000 0.000000 1.000000
0.899913 -0.425667 0.094675 -17.196766 -0.095435 0.019595 0.995243 15.026285 -0.425497 -0.904668 -0.022990 -59.343513 0.000000 0.000000 0.000000 1.000000
0.899567 -0.421557 0.114321 -16.964951 -0.122340 0.008077 0.992455 14.959535 -0.419300 -0.906766 -0.044308 -59.831909 0.000000 0.000000 0.000000 1.000000
0.898895 -0.417638 0.132538 -16.690105 -0.146885 -0.002237 0.989151 14.897405 -0.412811 -0.908611 -0.063356 -60.242268 0.000000 0.000000 0.000000 1.000000
0.898947 -0.413531 0.144522 -16.463840 -0.163159 -0.009899 0.986550 14.850829 -0.406538 -0.910436 -0.076370 -60.545647 0.000000 0.000000 0.000000 1.000000
0.898256 -0.411926 0.153146 -16.255239 -0.174220 -0.013850 0.984609 14.826140 -0.403465 -0.911112 -0.084207 -60.699131 0.000000 0.000000 0.000000 1.000000
0.897217 -0.412033 0.158843 -16.117205 -0.180242 -0.013321 0.983532 14.828913 -0.403132 -0.911071 -0.086218 -60.703606 0.000000 0.000000 0.000000 1.000000
0.896340 -0.412802 0.161771 -16.069548 -0.182053 -0.009984 0.983238 14.848153 -0.404267 -0.910766 -0.084101 -60.614048 0.000000 0.000000 0.000000 1.000000
0.895536 -0.414584 0.161662 -16.072399 -0.179972 -0.005189 0.983658 14.876089 -0.406970 -0.909996 -0.079260 -60.467087 0.000000 0.000000 0.000000 1.000000
0.894780 -0.417614 0.158009 -16.145958 -0.174433 -0.001182 0.984668 14.899630 -0.411025 -0.908624 -0.073903 -60.295551 0.000000 0.000000 0.000000 1.000000
0.894180 -0.421166 0.151862 -16.228134 -0.165874 0.003410 0.986141 14.926918 -0.415847 -0.906977 -0.066811 -60.139736 0.000000 0.000000 0.000000 1.000000
0.893537 -0.424887 0.145129 -16.310213 -0.157023 0.007105 0.987569 14.949047 -0.420637 -0.905218 -0.060369 -59.976604 0.000000 0.000000 0.000000 1.000000
0.893339 -0.427163 0.139560 -16.396049 -0.149951 0.009407 0.988649 14.962855 -0.423627 -0.904126 -0.055649 -59.869698 0.000000 0.000000 0.000000 1.000000
0.893705 -0.427767 0.135300 -16.451670 -0.144788 0.010449 0.989408 14.969315 -0.424650 -0.903829 -0.052598 -59.801746 0.000000 0.000000 0.000000 1.000000</float_array><technique_common><accessor source="#mixamorig_Hips-Matrix-animation-output-transform-array" count="67" stride="16"><param type="float4x4"/></accessor></technique_common></source><source id="mixamorig_Hips-Interpolations"><Name_array id="mixamorig_Hips-Interpolations-array" count="67">
 LINEAR LINEAR LINEAR LINEAR LINEAR LINEAR LINEAR LINEAR LINEAR LINEAR LINEAR
LINEAR LINEAR LINEAR LINEAR LINEAR LINEAR LINEAR LINEAR LINEAR LINEAR LINEAR LINEAR
LINEAR LINEAR LINEAR LINEAR LINEAR LINEAR LINEAR LINEAR LINEAR LINEAR LINEAR LINEAR
LINEAR LINEAR LINEAR LINEAR LINEAR LINEAR LINEAR LINEAR LINEAR LINEAR LINEAR LINEAR
LINEAR LINEAR LINEAR LINEAR LINEAR LINEAR LINEAR LINEAR LINEAR LINEAR LINEAR LINEAR
LINEAR LINEAR LINEAR LINEAR LINEAR LINEAR LINEAR LINEAR</Name_array><technique_common><accessor source="#mixamorig_Hips-Interpolations-array" count="67"><param type="name"/></accessor></technique_common></source><sampler id="mixamorig_Hips-Matrix-animation-transform"><input semantic="INPUT" source="#mixamorig_Hips-Matrix-animation-input"/><input semantic="OUTPUT" source="#mixamorig_Hips-Matrix-animation-output-transform"/><input semantic="INTERPOLATION" source="#mixamorig_Hips-Interpolations"/></sampler><channel source="#mixamorig_Hips-Matrix-animation-transform" target="mixamorig_Hips/matrix"/></animation>
    <animation id="mixamorig_Spine-anim" name="mixamorig_Spine"><source id="mixamorig_Spine-Matrix-animation-input"><float_array id="mixamorig_Spine-Matrix-animation-input-array" count="67">

0.000000 0.033333 0.066667 0.100000 0.133333 0.166667 0.200000 0.233333 0.266667 0.300000 0.333333 0.366667 0.400000 0.433333 0.466667 0.500000
0.533333 0.566667 0.600000 0.633333 0.666667 0.700000 0.733333 0.766667 0.800000 0.833333 0.866667 0.900000 0.933333 0.966667 1.000000 1.033333
1.066667 1.100000 1.133333 1.166667 1.200000 1.233333 1.266667 1.300000 1.333333 1.366667 1.400000 1.433333 1.466667 1.500000 1.533333 1.566667
1.600000 1.633333 1.666667 1.700000 1.733333 1.766667 1.800000 1.833333 1.866667 1.900000 1.933333 1.966667 2.000000 2.033333 2.066667 2.100000
2.133333 2.166667 2.200000</float_array><technique_common><accessor source="#mixamorig_Spine-Matrix-animation-input-array" count="67"><param name="TIME" type="float"/></accessor></technique_common></source><source id="mixamorig_Spine-Matrix-animation-output-transform"><float_array id="mixamorig_Spine-Matrix-animation-output-transform-array" count="1072">

0.996875 0.041896 0.066968 0.000000 -0.040779 0.999007 -0.017952 10.057000 -0.067653 0.015165 0.997594 -1.120600 0.000000 0.000000 0.000000 1.000000
0.997266 0.037594 0.063611 -0.000000 -0.036708 0.999213 -0.015033 10.057000 -0.064126 0.012656 0.997862 -1.120600 0.000000 0.000000 0.000000 1.000000
0.998199 0.026186 0.053972 0.000000 -0.025833 0.999640 -0.007223 10.057000 -0.054141 0.005816 0.998516 -1.120600 0.000000 0.000000 0.000000 1.000000
0.999144 0.009767 0.040194 0.000000 -0.009937 0.999942 0.004035 10.057000 -0.040152 -0.004431 0.999184 -1.120600 0.000000 0.000000 0.000000 1.000000
0.999665 -0.009513 0.024067 0.000000 0.009096 0.999808 0.017364 10.057000 -0.024228 -0.017139 0.999560 -1.120600 0.000000 0.000000 0.000000 1.000000
0.999540 -0.029393 0.007435 0.000000 0.029145 0.999076 0.031590 10.057000 -0.008356 -0.031359 0.999473 -1.120600 0.000000 0.000000 0.000000 1.000000
0.998831 -0.047705 -0.007805 -0.000000 0.048013 0.997795 0.045817 10.057000 0.005602 -0.046139 0.998919 -1.120600 0.000000 0.000000 0.000000 1.000000
0.997842 -0.062263 -0.020829 0.000000 0.063400 0.996224 0.059307 10.057000 0.017058 -0.060500 0.998022 -1.120600 0.000000 0.000000 0.000000 1.000000
0.997334 -0.070899 -0.017261 0.000000 0.071975 0.994745 0.072821 10.057000 0.012008 -0.073869 0.997196 -1.120600 0.000000 0.000000 0.000000 1.000000
0.997423 -0.070624 -0.012612 0.000000 0.071448 0.993759 0.085664 10.057000 0.006483 -0.086345 0.996244 -1.120600 0.000000 0.000000 0.000000 1.000000
0.998038 -0.061992 -0.008724 0.000000 0.062559 0.992843 0.101734 10.057000 0.002355 -0.102080 0.994773 -1.120600 0.000000 0.000000 0.000000 1.000000
0.998512 -0.054216 -0.005893 0.000000 0.054531 0.991106 0.121389 10.057000 -0.000740 -0.121530 0.992587 -1.120600 0.000000 0.000000 0.000000 1.000000
0.998891 -0.045863 -0.010633 0.000000 0.046854 0.990500 0.129285 10.057000 0.004602 -0.129640 0.991550 -1.120600 0.000000 0.000000 0.000000 1.000000
0.999116 -0.040491 -0.011271 0.000000 0.041568 0.991593 0.122534 10.057000 0.006215 -0.122894 0.992400 -1.120600 0.000000 0.000000 0.000000 1.000000
0.999287 -0.036397 -0.010050 -0.000000 0.037268 0.993498 0.107577 10.057000 0.006069 -0.107875 0.994146 -1.120600 0.000000 0.000000 0.000000 1.000000
0.999475 -0.030912 -0.009683 0.000000 0.031653 0.995524 0.089052 10.057000 0.006887 -0.089312 0.995980 -1.120600 0.000000 0.000000 0.000000 1.000000
0.999607 -0.027436 -0.005733 -0.000000 0.027782 0.996922 0.073317 10.057000 0.003704 -0.073448 0.997292 -1.120600 0.000000 0.000000 0.000000 1.000000
0.999605 -0.027917 0.003093 0.000000 0.027685 0.997858 0.059273 10.057000 -0.004742 -0.059164 0.998237 -1.120600 0.000000 0.000000 0.000000 1.000000
0.999581 -0.027384 0.009376 0.000000 0.026901 0.998469 0.048331 10.057000 -0.010685 -0.048058 0.998787 -1.120600 0.000000 0.000000 0.000000 1.000000
0.999554 -0.027660 0.011290 0.000000 0.027224 0.998943 0.037041 10.057000 -0.012303 -0.036717 0.999250 -1.120600 0.000000 0.000000 0.000000 1.000000
0.999464 -0.032733 0.000050 -0.000000 0.032727 0.999311 0.017505 10.057000 -0.000623 -0.017494 0.999847 -1.120600 0.000000 0.000000 0.000000 1.000000
0.999410 -0.032226 0.011912 0.000000 0.032459 0.999274 -0.019936 10.057000 -0.011261 0.020311 0.999730 -1.120600 0.000000 0.000000 0.000000 1.000000
0.999461 -0.018878 0.026868 0.000000 0.019735 0.999292 -0.032026 10.057000 -0.026245 0.032539 0.999126 -1.120600 0.000000 0.000000 0.000000 1.000000
0.999656 -0.023889 0.010837 0.000000 0.024091 0.999531 -0.018912 10.057000 -0.010380 0.019167 0.999762 -1.120600 0.000000 0.000000 0.000000 1.000000
0.999629 -0.026761 -0.005097 0.000000 0.026711 0.999596 -0.009701 10.057000 0.005355 0.009561 0.999940 -1.120600 0.000000 0.000000 0.000000 1.000000
0.999582 -0.028530 -0.004568 -0.000000 0.028513 0.999586 -0.003818 10.057000 0.004675 0.003687 0.999982 -1.120600 0.000000 0.000000 0.000000 1.000000
0.999417 -0.033981 0.003381 -0.000000 0.033985 0.999422 -0.001277 10.057000 -0.003335 0.001391 0.999993 -1.120600 0.000000 0.000000 0.000000 1.000000
0.999790 -0.016658 -0.011973 -0.000000 0.016623 0.999857 -0.003065 10.057000 0.012022 0.002866 0.999924 -1.120600 0.000000 0.000000 0.000000 1.000000
0.999707 0.002283 -0.024093 0.000000 -0.002376 0.999990 -0.003832 10.057000 0.024084 0.003888 0.999702 -1.120600 0.000000 0.000000 0.000000 1.000000
0.999697 0.000477 -0.024601 0.000000 -0.000622 0.999982 -0.005886 10.057000 0.024598 0.005900 0.999680 -1.120600 0.000000 0.000000 0.000000 1.000000
0.999359 0.000518 -0.035785 0.000000 -0.000679 0.999990 -0.004481 10.057000 0.035782 0.004502 0.999349 -1.120600 0.000000 0.000000 0.000000 1.000000
0.998552 0.003308 -0.053687 0.000000 -0.003161 0.999991 0.002825 10.057000 0.053696 -0.002651 0.998554 -1.120600 0.000000 0.000000 0.000000 1.000000
0.997521 0.007765 -0.069939 0.000000 -0.007188 0.999938 0.008495 10.057000 0.070000 -0.007972 0.997515 -1.120600 0.000000 0.000000 0.000000 1.000000
0.996809 0.010489 -0.079127 -0.000000 -0.009259 0.999831 0.015898 10.057000 0.079280 -0.015114 0.996738 -1.120600 0.000000 0.000000 0.000000 1.000000
0.996513 0.012139 -0.082551 -0.000000 -0.010245 0.999676 0.023322 10.057000 0.082808 -0.022395 0.996314 -1.120600 0.000000 0.000000 0.000000 1.000000
0.996527 0.012178 -0.082369 -0.000000 -0.009491 0.999413 0.032930 10.057000 0.082722 -0.032034 0.996058 -1.120600 0.000000 0.000000 0.000000 1.000000
0.996798 0.012141 -0.079032 0.000000 -0.008652 0.998979 0.044342 10.057000 0.079489 -0.043517 0.995885 -1.120600 0.000000 0.000000 0.000000 1.000000
0.997121 0.009829 -0.075182 -0.000000 -0.005856 0.998583 0.052885 10.057000 0.075595 -0.052293 0.995766 -1.120600 0.000000 0.000000 0.000000 1.000000
0.997532 0.002153 -0.070180 0.000000 0.001821 0.998400 0.056515 10.057000 0.070189 -0.056503 0.995932 -1.120600 0.000000 0.000000 0.000000 1.000000
0.997954 -0.003208 -0.063855 -0.000000 0.007262 0.997965 0.063349 10.057000 0.063522 -0.063683 0.995947 -1.120600 0.000000 0.000000 0.000000 1.000000
0.998380 -0.006159 -0.056571 0.000000 0.010315 0.997243 0.073487 10.057000 0.055962 -0.073952 0.995690 -1.120600 0.000000 0.000000 0.000000 1.000000
0.998764 -0.005368 -0.049422 0.000000 0.009659 0.996161 0.087004 10.057000 0.048765 -0.087374 0.994981 -1.120600 0.000000 0.000000 0.000000 1.000000
0.999244 -0.000325 -0.038878 0.000000 0.004403 0.994479 0.104839 10.057000 0.038629 -0.104931 0.993729 -1.120600 0.000000 0.000000 0.000000 1.000000
0.999599 -0.002075 -0.028243 0.000000 0.005255 0.993578 0.113023 10.057000 0.027827 -0.113126 0.993191 -1.120600 0.000000 0.000000 0.000000 1.000000
0.999280 -0.012301 -0.035882 -0.000000 0.016503 0.992722 0.119292 10.057000 0.034154 -0.119798 0.992211 -1.120600 0.000000 0.000000 0.000000 1.000000
0.999370 -0.004038 -0.035266 0.000000 0.008151 0.993066 0.117275 10.057000 0.034548 -0.117489 0.992473 -1.120600 0.000000 0.000000 0.000000 1.000000
0.999664 0.013202 -0.022322 0.000000 -0.010546 0.993288 0.115188 10.057000 0.023693 -0.114914 0.993093 -1.120600 0.000000 0.000000 0.000000 1.000000
0.999772 0.020955 -0.004045 0.000000 -0.020312 0.992439 0.121046 10.057000 0.006551 -0.120937 0.992639 -1.120600 0.000000 0.000000 0.000000 1.000000
0.999557 0.029746 0.000534 0.000000 -0.029557 0.990832 0.131829 10.057000 0.003393 -0.131786 0.991272 -1.120600 0.000000 0.000000 0.000000 1.000000
0.999449 0.033184 -0.000143 0.000000 -0.032874 0.990668 0.132272 10.057000 0.004531 -0.132194 0.991213 -1.120600 0.000000 0.000000 0.000000 1.000000
0.999486 0.031997 -0.002139 0.000000 -0.031456 0.991190 0.128660 10.057000 0.006237 -0.128526 0.991687 -1.120600 0.000000 0.000000 0.000000 1.000000
0.999502 0.031547 -0.000745 0.000000 -0.031202 0.991540 0.125998 10.057000 0.004714 -0.125912 0.992030 -1.120600 0.000000 0.000000 0.000000 1.000000
0.999511 0.031235 -0.001765 0.000000 -0.030780 0.991925 0.123035 10.057000 0.005594 -0.122921 0.992401 -1.120600 0.000000 0.000000 0.000000 1.000000
0.999487 0.031721 -0.004348 0.000000 -0.030965 0.992201 0.120738 10.057000 0.008144 -0.120541 0.992675 -1.120600 0.000000 0.000000 0.000000 1.000000
0.999548 0.029035 -0.007761 0.000000 -0.027935 0.992807 0.116418 10.057000 0.011085 -0.116148 0.993170 -1.120600 0.000000 0.000000 0.000000 1.000000
0.999590 0.026013 -0.011938 0.000000 -0.024506 0.993339 0.112592 10.057000 0.014787 -0.112253 0.993570 -1.120600 0.000000 0.000000 0.000000 1.000000
0.999614 0.022622 -0.016148 0.000000 -0.020729 0.993818 0.109065 10.057000 0.018516 -0.108688 0.993903 -1.120600 0.000000 0.000000 0.000000 1.000000
0.999657 0.018352 -0.018671 0.000000 -0.016263 0.994186 0.106441 10.057000 0.020516 -0.106101 0.994144 -1.120600 0.000000 0.000000 0.000000 1.000000
0.999657 0.015765 -0.020923 -0.000000 -0.013499 0.994450 0.104344 10.057000 0.022452 -0.104026 0.994321 -1.120600 0.000000 0.000000 0.000000 1.000000
0.999646 0.015042 -0.021961 0.000000 -0.012669 0.994452 0.104426 10.057000 0.023410 -0.104110 0.994290 -1.120600 0.000000 0.000000 0.000000 1.000000
0.999645 0.015426 -0.021731 -0.000000 -0.013046 0.994314 0.105681 10.057000 0.023237 -0.105360 0.994163 -1.120600 0.000000 0.000000 0.000000 1.000000
0.999642 0.016842 -0.020800 -0.000000 -0.014510 0.994089 0.107595 10.057000 0.022489 -0.107255 0.993977 -1.120600 0.000000 0.000000 0.000000 1.000000
0.999637 0.018618 -0.019466 0.000000 -0.016408 0.994002 0.108121 10.057000 0.021362 -0.107762 0.993947 -1.120600 0.000000 0.000000 0.000000 1.000000
0.999644 0.020481 -0.017101 0.000000 -0.018494 0.993846 0.109213 10.057000 0.019233 -0.108858 0.993871 -1.120600 0.000000 0.000000 0.000000 1.000000
0.999631 0.022511 -0.015187 0.000000 -0.020706 0.993711 0.110040 10.057000 0.017569 -0.109685 0.993811 -1.120600 0.000000 0.000000 0.000000 1.000000
0.999615 0.024010 -0.013888 0.000000 -0.022334 0.993645 0.110320 10.057000 0.016449 -0.109967 0.993799 -1.120600 0.000000 0.000000 0.000000 1.000000
0.999618 0.024547 -0.012702 0.000000 -0.022992 0.993581 0.110759 10.057000 0.015339 -0.110425 0.993766 -1.120600 0.000000 0.000000 0.000000 1.000000</float_array><technique_common><accessor source="#mixamorig_Spine-Matrix-animation-output-transform-array" count="67" stride="16"><param type="float4x4"/></accessor></technique_common></source><source id="mixamorig_Spine-Interpolations"><Name_array id="mixamorig_Spine-Interpolations-array" count="67">
 LINEAR LINEAR LINEAR LINEAR LINEAR LINEAR LINEAR LINEAR LINEAR LINEAR LINEAR
LINEAR LINEAR LINEAR LINEAR LINEAR LINEAR LINEAR LINEAR LINEAR LINEAR LINEAR LINEAR
LINEAR LINEAR LINEAR LINEAR LINEAR LINEAR LINEAR LINEAR LINEAR LINEAR LINEAR LINEAR
LINEAR LINEAR LINEAR LINEAR LINEAR LINEAR LINEAR LINEAR LINEAR LINEAR LINEAR LINEAR
LINEAR LINEAR LINEAR LINEAR LINEAR LINEAR LINEAR LINEAR LINEAR LINEAR LINEAR LINEAR
LINEAR LINEAR LINEAR LINEAR LINEAR LINEAR LINEAR LINEAR</Name_array><technique_common><accessor source="#mixamorig_Spine-Interpolations-array" count="67"><param type="name"/></accessor></technique_common></source><sampler id="mixamorig_Spine-Matrix-animation-transform"><input semantic="INPUT" source="#mixamorig_Spine-Matrix-animation-input"/><input semantic="OUTPUT" source="#mixamorig_Spine-Matrix-animation-output-transform"/><input semantic="INTERPOLATION" source="#mixamorig_Spine-Interpolations"/></sampler><channel source="#mixamorig_Spine-Matrix-animation-transform" target="mixamorig_Spine/matrix"/></animation>
    <animation id="mixamorig_Spine1-anim" name="mixamorig_Spine1"><source id="mixamorig_Spine1-Matrix-animation-input"><float_array id="mixamorig_Spine1-Matrix-animation-input-array" count="67">

0.000000 0.033333 0.066667 0.100000 0.133333 0.166667 0.200000 0.233333 0.266667 0.300000 0.333333 0.366667 0.400000 0.433333 0.466667 0.500000
0.533333 0.566667 0.600000 0.633333 0.666667 0.700000 0.733333 0.766667 0.800000 0.833333 0.866667 0.900000 0.933333 0.966667 1.000000 1.033333
1.066667 1.100000 1.133333 1.166667 1.200000 1.233333 1.266667 1.300000 1.333333 1.366667 1.400000 1.433333 1.466667 1.500000 1.533333 1.566667
1.600000 1.633333 1.666667 1.700000 1.733333 1.766667 1.800000 1.833333 1.866667 1.900000 1.933333 1.966667 2.000000 2.033333 2.066667 2.100000
2.133333 2.166667 2.200000</float_array><technique_common><accessor source="#mixamorig_Spine1-Matrix-animation-input-array" count="67"><param name="TIME" type="float"/></accessor></technique_common></source><source id="mixamorig_Spine1-Matrix-animation-output-transform"><float_array id="mixamorig_Spine1-Matrix-animation-output-transform-array" count="1072">

0.998870 -0.043053 0.020149 0.000000 0.043478 0.998830 -0.021168 11.805700 -0.019214 0.022020 0.999573 0.000000 0.000000 0.000000 0.000000 1.000000
0.998908 -0.045441 0.010900 0.000000 0.045707 0.998627 -0.025594 11.805700 -0.009722 0.026064 0.999613 0.000000 0.000000 0.000000 0.000000 1.000000
0.998573 -0.051998 -0.012188 -0.000000 0.051516 0.997986 -0.037008 11.805700 0.014088 0.036328 0.999241 0.000000 0.000000 0.000000 0.000000 1.000000
0.997192 -0.061843 -0.042232 -0.000000 0.059588 0.996830 -0.052720 11.805700 0.045359 0.050056 0.997716 0.000000 0.000000 0.000000 0.000000 1.000000
0.994625 -0.074093 -0.072333 -0.000000 0.069052 0.995164 -0.069858 11.805700 0.077159 0.064488 0.994931 -0.000000 0.000000 0.000000 0.000000 1.000000
0.991531 -0.087866 -0.095638 0.000000 0.079790 0.993162 -0.085226 11.805700 0.102472 0.076874 0.991761 -0.000000 0.000000 0.000000 0.000000 1.000000
0.989156 -0.102281 -0.105400 0.000000 0.092339 0.991161 -0.095251 11.805700 0.114211 0.084486 0.989858 -0.000000 0.000000 0.000000 0.000000 1.000000
0.989801 -0.116531 -0.081946 0.000000 0.108795 0.989679 -0.093271 11.805700 0.091969 0.083404 0.992263 0.000000 0.000000 0.000000 0.000000 1.000000
0.990726 -0.129610 -0.040792 0.000000 0.126361 0.989213 -0.074095 11.805700 0.049956 0.068253 0.996417 0.000000 0.000000 0.000000 0.000000 1.000000
0.990279 -0.138709 -0.010370 0.000000 0.138020 0.989140 -0.050524 11.805700 0.017266 0.048601 0.998669 0.000000 0.000000 0.000000 0.000000 1.000000
0.992256 -0.124204 -0.001254 -0.000000 0.124162 0.992097 -0.018120 11.805700 0.003495 0.017824 0.999835 0.000000 0.000000 0.000000 0.000000 1.000000
0.994056 -0.108860 0.001455 -0.000000 0.108804 0.993830 0.021511 11.805700 -0.003788 -0.021225 0.999768 0.000000 0.000000 0.000000 0.000000 1.000000
0.995870 -0.090236 -0.010013 0.000000 0.090549 0.995197 0.037198 11.805700 0.006608 -0.037951 0.999258 0.000000 0.000000 0.000000 0.000000 1.000000
0.997078 -0.075372 -0.012438 0.000000 0.075650 0.996853 0.023674 11.805700 0.010615 -0.024546 0.999642 -0.000000 0.000000 0.000000 0.000000 1.000000
0.998171 -0.059100 -0.012707 0.000000 0.059025 0.998237 -0.006229 11.805700 0.013053 0.005468 0.999900 0.000000 0.000000 0.000000 0.000000 1.000000
0.998669 -0.049391 -0.014854 -0.000000 0.048704 0.997867 -0.043466 11.805700 0.016969 0.042684 0.998944 -0.000000 0.000000 0.000000 0.000000 1.000000
0.998731 -0.049941 -0.006521 0.000000 0.049312 0.995958 -0.075072 11.805700 0.010243 0.074655 0.997157 -0.000000 0.000000 0.000000 0.000000 1.000000
0.998572 -0.052554 0.009568 -0.000000 0.053261 0.993258 -0.102967 11.805700 -0.004092 0.103329 0.994639 -0.000000 0.000000 0.000000 0.000000 1.000000
0.998209 -0.055682 0.021858 -0.000000 0.057981 0.990515 -0.124575 11.805700 -0.014714 0.125619 0.991969 0.000000 0.000000 0.000000 0.000000 1.000000
0.997384 -0.065823 0.029857 0.000000 0.069517 0.986697 -0.146955 11.805700 -0.019787 0.148647 0.988692 0.000000 0.000000 0.000000 0.000000 1.000000
0.996845 -0.078770 0.009737 0.000000 0.079236 0.980537 -0.179635 11.805700 0.004603 0.179839 0.983685 0.000000 0.000000 0.000000 0.000000 1.000000
0.998286 -0.050738 0.029154 0.000000 0.056251 0.969355 -0.239139 11.805700 -0.016127 0.240369 0.970548 -0.000000 0.000000 0.000000 0.000000 1.000000
0.998116 -0.026989 0.055109 0.000000 0.040827 0.962542 -0.268043 11.805700 -0.045810 0.269787 0.961830 0.000000 0.000000 0.000000 0.000000 1.000000
0.997847 -0.058265 0.030125 0.000000 0.064303 0.959556 -0.274074 11.805700 -0.012938 0.275421 0.961237 -0.000000 0.000000 0.000000 0.000000 1.000000
0.995871 -0.090684 0.004170 0.000000 0.088084 0.954170 -0.286009 11.805700 0.021958 0.285196 0.958218 0.000000 0.000000 0.000000 0.000000 1.000000
0.994118 -0.108179 0.005129 -0.000000 0.105408 0.955602 -0.275161 11.805700 0.024865 0.274083 0.961385 0.000000 0.000000 0.000000 0.000000 1.000000
0.992012 -0.123666 0.024874 0.000000 0.125679 0.952078 -0.278840 11.805700 0.010801 0.279738 0.960015 0.000000 0.000000 0.000000 0.000000 1.000000
0.994532 -0.104262 -0.005980 0.000000 0.098108 0.952390 -0.288666 11.805700 0.035792 0.286501 0.957411 0.000000 0.000000 0.000000 0.000000 1.000000
0.996020 -0.082118 -0.034643 0.000000 0.068000 0.951438 -0.300237 11.805700 0.057615 0.296686 0.953235 -0.000000 0.000000 0.000000 0.000000 1.000000
0.994983 -0.093965 -0.034333 -0.000000 0.078896 0.948038 -0.308218 11.805700 0.061511 0.303963 0.950696 0.000000 0.000000 0.000000 0.000000 1.000000
0.991929 -0.112164 -0.059130 0.000000 0.087421 0.942761 -0.321805 11.805700 0.091841 0.314038 0.944958 0.000000 0.000000 0.000000 0.000000 1.000000
0.988736 -0.112320 -0.098926 0.000000 0.076361 0.947004 -0.312015 11.805700 0.128728 0.300946 0.944913 -0.000000 0.000000 0.000000 0.000000 1.000000
0.984974 -0.105780 -0.136516 0.000000 0.059606 0.950119 -0.306140 11.805700 0.162090 0.293403 0.942147 0.000000 0.000000 0.000000 0.000000 1.000000
0.982607 -0.095457 -0.159285 0.000000 0.044791 0.954270 -0.295572 11.805700 0.180216 0.283296 0.941948 0.000000 0.000000 0.000000 0.000000 1.000000
0.982043 -0.082341 -0.169738 -0.000000 0.031561 0.958750 -0.282494 11.805700 0.185997 0.272065 0.944132 0.000000 0.000000 0.000000 0.000000 1.000000
0.982794 -0.070523 -0.170709 0.000000 0.022850 0.963560 -0.266516 11.805700 0.183284 0.258029 0.948593 0.000000 0.000000 0.000000 0.000000 1.000000
0.984667 -0.057181 -0.164807 0.000000 0.015179 0.969252 -0.245602 11.805700 0.173783 0.239334 0.955258 0.000000 0.000000 0.000000 0.000000 1.000000
0.986493 -0.048944 -0.156322 -0.000000 0.012058 0.973426 -0.228683 11.805700 0.163360 0.223709 0.960868 0.000000 0.000000 0.000000 0.000000 1.000000
0.988538 -0.050862 -0.142149 0.000000 0.019097 0.976106 -0.216453 11.805700 0.149762 0.211257 0.965889 0.000000 0.000000 0.000000 0.000000 1.000000
0.990230 -0.056112 -0.127655 0.000000 0.028779 0.977992 -0.206648 11.805700 0.136441 0.200955 0.970052 0.000000 0.000000 0.000000 0.000000 1.000000
0.991919 -0.059534 -0.112036 0.000000 0.038029 0.981981 -0.185112 11.805700 0.121038 0.179356 0.976310 0.000000 0.000000 0.000000 0.000000 1.000000
0.993422 -0.058304 -0.098555 -0.000000 0.042274 0.986606 -0.157545 11.805700 0.106420 0.152343 0.982582 0.000000 0.000000 0.000000 0.000000 1.000000
0.995215 -0.057066 -0.079316 0.000000 0.047251 0.991584 -0.120531 11.805700 0.085527 0.116206 0.989536 0.000000 0.000000 0.000000 0.000000 1.000000
0.995790 -0.072381 -0.056244 -0.000000 0.065759 0.991553 -0.111800 11.805700 0.063861 0.107631 0.992138 -0.000000 0.000000 0.000000 0.000000 1.000000
0.993703 -0.090206 -0.066455 0.000000 0.082920 0.990983 -0.105249 11.805700 0.075350 0.099076 0.992223 -0.000000 0.000000 0.000000 0.000000 1.000000
0.995823 -0.060481 -0.068398 0.000000 0.052579 0.992321 -0.111959 11.805700 0.074645 0.107895 0.991356 0.000000 0.000000 0.000000 0.000000 1.000000
0.998590 -0.022916 -0.047894 0.000000 0.017770 0.994289 -0.105232 11.805700 0.050032 0.104233 0.993294 -0.000000 0.000000 0.000000 0.000000 1.000000
0.999853 -0.005555 -0.016217 0.000000 0.004270 0.996927 -0.078214 11.805700 0.016601 0.078133 0.996805 0.000000 0.000000 0.000000 0.000000 1.000000
0.999646 0.024647 -0.010032 0.000000 -0.024956 0.999178 -0.031949 11.805700 0.009236 0.032188 0.999439 0.000000 0.000000 0.000000 0.000000 1.000000
0.999170 0.038134 -0.014292 0.000000 -0.038653 0.998529 -0.038032 11.805700 0.012820 0.038553 0.999174 0.000000 0.000000 0.000000 0.000000 1.000000
0.998858 0.045581 -0.014336 0.000000 -0.046176 0.997945 -0.044419 11.805700 0.012281 0.045030 0.998910 0.000000 0.000000 0.000000 0.000000 1.000000
0.998739 0.048863 -0.011499 -0.000000 -0.049357 0.997653 -0.047460 11.805700 0.009153 0.047968 0.998807 0.000000 0.000000 0.000000 0.000000 1.000000
0.998814 0.046654 -0.013941 -0.000000 -0.047364 0.997313 -0.055882 11.805700 0.011297 0.056476 0.998340 0.000000 0.000000 0.000000 0.000000 1.000000
0.998962 0.040776 -0.020304 -0.000000 -0.042030 0.996953 -0.065710 11.805700 0.017563 0.066495 0.997632 0.000000 0.000000 0.000000 0.000000 1.000000
0.999056 0.034465 -0.026457 0.000000 -0.036383 0.996459 -0.075803 11.805700 0.023750 0.076694 0.996772 0.000000 0.000000 0.000000 0.000000 1.000000
0.999049 0.027154 -0.034115 0.000000 -0.030048 0.995722 -0.087376 11.805700 0.031596 0.088318 0.995591 0.000000 0.000000 0.000000 0.000000 1.000000
0.999000 0.019100 -0.040423 0.000000 -0.022960 0.994990 -0.097301 11.805700 0.038362 0.098132 0.994434 -0.000000 0.000000 0.000000 0.000000 1.000000
0.998964 0.012509 -0.043749 0.000000 -0.017016 0.994411 -0.104200 11.805700 0.042201 0.104836 0.993594 -0.000000 0.000000 0.000000 0.000000 1.000000
0.998872 0.008200 -0.046772 0.000000 -0.013161 0.994197 -0.106767 11.805700 0.045625 0.107262 0.993183 0.000000 0.000000 0.000000 0.000000 1.000000
0.998799 0.006212 -0.048605 0.000000 -0.011334 0.994321 -0.105820 11.805700 0.047672 0.106244 0.993197 -0.000000 0.000000 0.000000 0.000000 1.000000
0.998799 0.006463 -0.048575 0.000000 -0.011428 0.994653 -0.102642 11.805700 0.047652 0.103073 0.993532 0.000000 0.000000 0.000000 0.000000 1.000000
0.998821 0.008382 -0.047820 0.000000 -0.013066 0.995053 -0.098485 11.805700 0.046758 0.098993 0.993989 0.000000 0.000000 0.000000 0.000000 1.000000
0.998889 0.012777 -0.045355 0.000000 -0.017020 0.995386 -0.094430 11.805700 0.043939 0.095097 0.994498 0.000000 0.000000 0.000000 0.000000 1.000000
0.998994 0.017881 -0.041135 0.000000 -0.021538 0.995687 -0.090243 11.805700 0.039344 0.091038 0.995070 -0.000000 0.000000 0.000000 0.000000 1.000000
0.999016 0.022833 -0.038011 -0.000000 -0.026068 0.995875 -0.086910 11.805700 0.035870 0.087815 0.995491 -0.000000 0.000000 0.000000 0.000000 1.000000
0.999014 0.026339 -0.035738 0.000000 -0.029287 0.995983 -0.084615 11.805700 0.033366 0.085579 0.995773 0.000000 0.000000 0.000000 0.000000 1.000000
0.999042 0.027754 -0.033850 0.000000 -0.030510 0.996013 -0.083828 11.805700 0.031388 0.084780 0.995905 0.000000 0.000000 0.000000 0.000000 1.000000</float_array><technique_common><accessor source="#mixamorig_Spine1-Matrix-animation-output-transform-array" count="67" stride="16"><param type="float4x4"/></accessor></technique_common></source><source id="mixamorig_Spine1-Interpolations"><Name_array id="mixamorig_Spine1-Interpolations-array" count="67">
 LINEAR LINEAR LINEAR LINEAR LINEAR LINEAR LINEAR LINEAR LINEAR LINEAR LINEAR
LINEAR LINEAR LINEAR LINEAR LINEAR LINEAR LINEAR LINEAR LINEAR LINEAR LINEAR LINEAR
LINEAR LINEAR LINEAR LINEAR LINEAR LINEAR LINEAR LINEAR LINEAR LINEAR LINEAR LINEAR
LINEAR LINEAR LINEAR LINEAR LINEAR LINEAR LINEAR LINEAR LINEAR LINEAR LINEAR LINEAR
LINEAR LINEAR LINEAR LINEAR LINEAR LINEAR LINEAR LINEAR LINEAR LINEAR LINEAR LINEAR
LINEAR LINEAR LINEAR LINEAR LINEAR LINEAR LINEAR LINEAR</Name_array><technique_common><accessor source="#mixamorig_Spine1-Interpolations-array" count="67"><param type="name"/></accessor></technique_common></source><sampler id="mixamorig_Spine1-Matrix-animation-transform"><input semantic="INPUT" source="#mixamorig_Spine1-Matrix-animation-input"/><input semantic="OUTPUT" source="#mixamorig_Spine1-Matrix-animation-output-transform"/><input semantic="INTERPOLATION" source="#mixamorig_Spine1-Interpolations"/></sampler><channel source="#mixamorig_Spine1-Matrix-animation-transform" target="mixamorig_Spine1/matrix"/></animation>
    <animation id="mixamorig_Spine2-anim" name="mixamorig_Spine2"><source id="mixamorig_Spine2-Matrix-animation-input"><float_array id="mixamorig_Spine2-Matrix-animation-input-array" count="67">

0.000000 0.033333 0.066667 0.100000 0.133333 0.166667 0.200000 0.233333 0.266667 0.300000 0.333333 0.366667 0.400000 0.433333 0.466667 0.500000
0.533333 0.566667 0.600000 0.633333 0.666667 0.700000 0.733333 0.766667 0.800000 0.833333 0.866667 0.900000 0.933333 0.966667 1.000000 1.033333
1.066667 1.100000 1.133333 1.166667 1.200000 1.233333 1.266667 1.300000 1.333333 1.366667 1.400000 1.433333 1.466667 1.500000 1.533333 1.566667
1.600000 1.633333 1.666667 1.700000 1.733333 1.766667 1.800000 1.833333 1.866667 1.900000 1.933333 1.966667 2.000000 2.033333 2.066667 2.100000
2.133333 2.166667 2.200000</float_array><technique_common><accessor source="#mixamorig_Spine2-Matrix-animation-input-array" count="67"><param name="TIME" type="float"/></accessor></technique_common></source><source id="mixamorig_Spine2-Matrix-animation-output-transform"><float_array id="mixamorig_Spine2-Matrix-animation-output-transform-array" count="1072">

0.999575 -0.020713 0.020500 0.000000 0.020792 0.999777 -0.003646 13.492300 -0.020420 0.004071 0.999783 0.000000 0.000000 0.000000 0.000000 1.000000
0.999654 -0.023717 0.011351 0.000000 0.023815 0.999680 -0.008554 13.492300 -0.011145 0.008821 0.999899 0.000000 0.000000 0.000000 0.000000 1.000000
0.999423 -0.031959 -0.011493 -0.000000 0.031710 0.999271 -0.021258 13.492300 0.012164 0.020881 0.999708 0.000000 0.000000 0.000000 0.000000 1.000000
0.998166 -0.044319 -0.041229 0.000000 0.042722 0.998331 -0.038850 13.492300 0.042882 0.037018 0.998394 0.000000 0.000000 0.000000 0.000000 1.000000
0.995688 -0.059676 -0.071027 -0.000000 0.055589 0.996757 -0.058187 13.492300 0.074269 0.053988 0.995776 0.000000 0.000000 0.000000 0.000000 1.000000
